3.37605560444105E-008
0.000000041
3.73297770112434E-008
3.84027480362762E-008
3.54753499200338E-008
2.97381395533058E-008
3.44366747725134E-008
4.35716267185119E-008
4.55338408533322E-008
5.84707357921411E-008
3.88853400269874E-008
0.000000072
6.17165956281421E-008
5.81718717166753E-008
5.80714337896745E-008
7.8085528023734E-008
9.16079025857914E-008
0.000000102
1.33235748769313E-007
1.06820573968106E-007
8.39158272008529E-008
1.27493638991512E-007
1.23669648648872E-007
1.67144572806994E-007
1.68163650310221E-007
1.92888528291172E-007
1.92099723108385E-007
2.2818388566257E-007
2.50444359873696E-007
2.6753350569705E-007
2.6581626211589E-007
2.6383200063124E-007
2.78777654110065E-007
2.93375449402692E-007
5.00490703406E-007
3.20736210541029E-007
3.35480988165851E-007
3.60492481694584E-007
3.54941448948638E-007
3.61521358019958E-007
3.53434880043627E-007
