0.040510
0.039474
0.050469
0.055892
0.046618
0.045482
0.044598
0.045782
0.052329
0.048064
0.052551
0.050321
0.048253
0.044879
0.050332
0.058729
0.052958
0.046888
0.052862
0.056117
0.055729
0.060197
0.061056
0.059410
0.062754
0.065384
0.057516
0.063904
0.082559
0.078117
0.086288
0.100708
0.106515
0.072335
0.072508
0.101100
0.108239
0.109464
0.109160
0.106845
0.119818
0.120972
0.117443
0.104159
0.121697
0.121738
0.126095
0.117487
0.129861
0.117513
0.131722
0.129821
0.120868
0.131093
0.134171
0.130838
0.135917
0.135447
0.135939
0.137940
0.141595
0.139923
0.126169
0.155760
0.182068
0.203465
0.191694
0.222364
0.218180
0.208196
0.224658
0.232570
0.235467
0.242573
0.220921
0.241208
0.226910
0.220244
0.203524
0.240457
0.246886
0.235252
0.233798
0.221295
0.242865
0.229681
0.237146
0.260573
0.241326
0.247423
0.232788
0.251588
0.266152
0.269821
0.276972
0.268279
0.291750
0.294495
0.276092
0.296596
0.295205
0.306063
0.300595
0.302215
0.297795
0.289131
0.296226
0.310021
0.312984
0.332520
0.302944
0.352906
0.337421
0.332068
0.331917
0.362139
0.382559
0.398207
0.445420
0.405531
0.370943
0.436749
0.430974
0.496624
0.498163
0.535500
0.534308
0.588798
0.622413
0.648219
0.645625
0.642629
0.665198
0.687242
1.000000
0.728558
0.750824
0.788593
0.780211
0.790147
0.777936
