-1.34904119856352E-007
-1.35590037406601E-007
-1.28309512551813E-007
-1.2471824423515E-007
-1.30859656015418E-007
-1.31611715615156E-007
-1.32197195238404E-007
-1.31413289466691E-007
-1.270773106669E-007
-1.29901821150606E-007
-1.26930328334704E-007
-1.28407500773277E-007
-1.29776886168239E-007
-0.000000132
-1.28400151656667E-007
-1.22839320088575E-007
-1.26660860725678E-007
-1.30680827511246E-007
-1.26724553069629E-007
-1.24568812197417E-007
-1.24826031278761E-007
-1.21866786990543E-007
-1.2129845530605E-007
-1.22388574269839E-007
-1.20174040464749E-007
-1.18432299828223E-007
-1.23642823504581E-007
-1.19412182042865E-007
-1.07058317021768E-007
-0.00000011
-1.0458901384087E-007
-0.000000095
-9.11940239667164E-008
-1.13829303124943E-007
-1.13714166964722E-007
-9.47803928723055E-008
-9.00524611866587E-008
-8.92416086540426E-008
-8.94424845080441E-008
-0.000000091
-8.23848828570863E-008
-8.16205747296657E-008
-0.000000084
-9.27544863935335E-008
-8.11404324444912E-008
-8.11134856835885E-008
-7.82277325614683E-008
-8.39281973451472E-008
-7.57339323252048E-008
-8.3911049406391E-008
-7.45017304402927E-008
-7.57608790861075E-008
-8.16891664846906E-008
-7.49181803815155E-008
-7.28800253750605E-008
-7.50872100635412E-008
-7.17237643617831E-008
-0.000000072
-7.17090661285635E-008
-7.03837754332604E-008
-0.000000068
-6.90707332656404E-008
-7.81787384507362E-008
-5.85835438634361E-008
-4.11612380871043E-008
-0.000000027
-3.47871042808591E-008
-1.44765956768704E-008
-1.72472126387702E-008
-2.3858967882066E-008
-0.000000013
-7.71785810137838E-009
-5.79973866621699E-009
-1.09385433039957E-009
-1.54319808361462E-008
-0.000000002
-1.14659075723834E-008
-1.58802769493449E-008
-0.000000027
-2.49508589733739E-009
1.76250232528139E-009
-5.94182158734005E-009
-6.90455586322566E-009
-1.51845605769492E-008
-9.00327593007804E-010
-9.63107812546657E-009
-4.6875723525985E-009
1.08264128107184E-008
-1.91940509623531E-009
2.11770962808905E-009
-7.57332547471871E-009
4.87607806230582E-009
1.45205687599181E-008
0.000000017
2.16859574544865E-008
1.59291494434657E-008
3.14725310732219E-008
3.32902125813825E-008
2.11029275367746E-008
3.46816453261739E-008
