0.06321221475148305
0.06297110219919368
0.06263109393345816
0.06178967076579788
0.061410013638740595
0.056178416082851124
0.05083904335497159
0.050324440487610776
0.047514343773625435
0.047514343773625435
0.04381937531036106
0.042995680693432826
0.041265974256373565
0.03646987374836702
0.03519032744163808
0.034787566814041916
0.03316496293937452
0.032486672436426965
0.02960336125108344
0.02894853702892734
0.026243370999951807
0.026243370999951807
0.026243370999951807
0.022912271362561607
0.022912271362561607
0.021549936309110975
0.01785464106529657
0.01785464106529657
0.016781267284713432
0.014331406819847506
0.014331406819847506
0.01372514785432412
0.013054000062488677
0.012627035589885807
0.012627035589885807
0.012627035589885807
0.012627035589885807
0.012627035589885807
0.012627035589885807
0.012627035589885807
0.012627035589885807
0.012627035589885807
0.012627035589885807
0.012627035589885807
0.012627035589885807
0.012627035589885807
0.012627035589885807
0.012627035589885807
0.012627035589885807
0.012627035589885807
0.012627035589885807
0.012627035589885807
0.012627035589885807
0.012627035589885807
0.012627035589885807
0.012627035589885807
0.012627035589885807
0.012627035589885807
0.012627035589885807
0.012627035589885807
0.012627035589885807
0.012627035589885807
0.012627035589885807
0.012627035589885807
0.012627035589885807
0.012627035589885807
0.012627035589885807
0.012627035589885807
0.012627035589885807
0.012627035589885807
0.012627035589885807
0.012627035589885807
0.012627035589885807
0.012627035589885807
0.012627035589885807
0.012627035589885807
0.012627035589885807
0.012627035589885807
0.012627035589885807
0.012627035589885807
0.012627035589885807
0.012627035589885807
0.012627035589885807
0.012627035589885807
0.012627035589885807
0.012627035589885807
0.012627035589885807
0.012627035589885807
0.012627035589885807
0.012627035589885807
0.012627035589885807
0.012627035589885807
0.012627035589885807
0.012627035589885807
0.012627035589885807
0.012627035589885807
0.012627035589885807
0.012627035589885807
0.012627035589885807
